100
((0 1 3 1 2 1 0 2 4 2 4 1 4 1 0 4 0 0 0 3 1) . 1)
((2 1 1 1 4 0 0 0 0 0 0 4 0 2 0 0 4 1 4 3 1) . 1)
((3 1 1 2 2 1 0 0 3 2 3 1 0 2 3 2 3 2 0 1 3) . 1)
((3 2 0 2 1 0 0 2 3 2 4 2 0 0 1 4 0 0 4 1 4) . 1)
((1 1 4 2 3 0 4 2 1 1 3 0 2 2 2 3 3 0 3 0 1) . 1)
((4 0 2 3 1 2 1 2 2 1 1 0 3 1 2 2 3 1 0 4 4) . 1)
((1 0 3 2 1 1 1 4 4 2 4 2 1 0 0 1 1 1 1 3 0) . 1)
((4 1 1 1 4 2 2 2 4 0 1 3 2 2 1 3 1 1 0 4 4) . 1)
((2 2 4 3 1 1 4 1 3 2 4 0 2 0 0 0 3 1 3 0 2) . 1)
((3 1 3 0 4 1 2 1 1 0 2 4 1 1 0 1 1 0 4 2 3) . 1)
((3 0 1 1 2 2 4 0 1 1 4 0 0 1 4 2 1 0 3 0 0) . 1)
((2 1 4 3 2 1 4 2 3 1 3 0 2 2 3 0 1 1 4 3 1) . 1)
((1 1 4 4 1 2 0 1 1 1 2 2 0 1 2 3 2 2 0 1 1) . 1)
((4 1 4 0 2 1 4 1 1 2 2 3 1 1 4 0 4 2 0 3 4) . 1)
((4 1 2 4 4 1 1 2 4 1 0 1 3 1 0 2 4 0 0 2 3) . 1)
((0 2 3 2 4 0 3 2 2 1 1 3 0 2 1 0 4 0 1 1 3) . 1)
((3 1 0 2 2 0 2 0 3 1 2 3 1 0 3 3 0 0 2 1 3) . 1)
((2 0 2 3 1 0 1 0 1 2 3 1 1 2 0 3 4 1 4 4 4) . 1)
((3 2 3 4 0 1 2 2 3 2 3 1 1 0 4 3 1 2 4 0 2) . 1)
((3 2 0 3 2 1 2 3 0 0 1 3 4 0 1 1 1 1 3 4 0) . 1)
99
((2 2 4 3 1 1 4 1 3 2 4 0 2 0 0 0 3 1 3 0 2) . 2)
((3 0 1 1 2 2 4 0 1 1 4 0 0 1 4 2 1 0 3 0 0) . 2)
((0 1 3 1 2 1 0 2 4 2 4 1 4 1 0 4 0 0 0 3 1) . 1)
((2 1 1 1 4 0 0 0 0 0 0 4 0 2 0 0 4 1 4 3 1) . 1)
((3 1 1 2 2 1 0 0 3 2 3 1 0 2 3 2 3 2 0 1 3) . 1)
((3 2 0 2 1 0 0 2 3 2 4 2 0 0 1 4 0 0 4 1 4) . 1)
((1 1 4 2 3 0 4 2 1 1 3 0 2 2 2 3 3 0 3 0 1) . 1)
((4 0 2 3 1 2 1 2 2 1 1 0 3 1 2 2 3 1 0 4 4) . 1)
((1 0 3 2 1 1 1 4 4 2 4 2 1 0 0 1 1 1 1 3 0) . 1)
((3 1 3 0 4 1 2 1 1 0 2 4 1 1 0 1 1 0 4 2 3) . 1)
((2 1 4 3 2 1 4 2 3 1 3 0 2 2 3 0 1 1 4 3 1) . 1)
((1 1 4 4 1 2 0 1 1 1 2 2 0 1 2 3 2 2 0 1 1) . 1)
((4 1 4 0 2 1 4 1 1 2 2 3 1 1 4 0 4 2 0 3 4) . 1)
((4 1 2 4 4 1 1 2 4 1 0 1 3 1 0 2 4 0 0 2 3) . 1)
((0 2 3 2 4 0 3 2 2 1 1 3 0 2 1 0 4 0 1 1 3) . 1)
((3 1 0 2 2 0 2 0 3 1 2 3 1 0 3 3 0 0 2 1 3) . 1)
((3 2 3 4 0 1 2 2 3 2 3 1 1 0 4 3 1 2 4 0 2) . 1)
((3 2 0 3 2 1 2 3 0 0 1 3 4 0 1 1 1 1 3 4 0) . 1)
98
((3 0 1 1 2 2 4 0 1 1 4 0 0 1 4 2 1 0 3 0 0) . 3)
((2 2 4 3 1 1 4 1 3 2 4 0 2 0 0 0 3 1 3 0 2) . 2)
((0 1 3 1 2 1 0 2 4 2 4 1 4 1 0 4 0 0 0 3 1) . 1)
((2 1 1 1 4 0 0 0 0 0 0 4 0 2 0 0 4 1 4 3 1) . 1)
((3 1 1 2 2 1 0 0 3 2 3 1 0 2 3 2 3 2 0 1 3) . 1)
((3 2 0 2 1 0 0 2 3 2 4 2 0 0 1 4 0 0 4 1 4) . 1)
((1 1 4 2 3 0 4 2 1 1 3 0 2 2 2 3 3 0 3 0 1) . 1)
((4 0 2 3 1 2 1 2 2 1 1 0 3 1 2 2 3 1 0 4 4) . 1)
((1 0 3 2 1 1 1 4 4 2 4 2 1 0 0 1 1 1 1 3 0) . 1)
((3 1 3 0 4 1 2 1 1 0 2 4 1 1 0 1 1 0 4 2 3) . 1)
((2 1 4 3 2 1 4 2 3 1 3 0 2 2 3 0 1 1 4 3 1) . 1)
((1 1 4 4 1 2 0 1 1 1 2 2 0 1 2 3 2 2 0 1 1) . 1)
((4 1 4 0 2 1 4 1 1 2 2 3 1 1 4 0 4 2 0 3 4) . 1)
((4 1 2 4 4 1 1 2 4 1 0 1 3 1 0 2 4 0 0 2 3) . 1)
((3 1 0 2 2 0 2 0 3 1 2 3 1 0 3 3 0 0 2 1 3) . 1)
((3 2 3 4 0 1 2 2 3 2 3 1 1 0 4 3 1 2 4 0 2) . 1)
((3 2 0 3 2 1 2 3 0 0 1 3 4 0 1 1 1 1 3 4 0) . 1)
97
((3 0 1 1 2 2 4 0 1 1 4 0 0 1 4 2 1 0 3 0 0) . 3)
((2 1 1 1 4 0 0 0 0 0 0 4 0 2 0 0 4 1 4 3 1) . 2)
((1 0 3 2 1 1 1 4 4 2 4 2 1 0 0 1 1 1 1 3 0) . 2)
((2 2 4 3 1 1 4 1 3 2 4 0 2 0 0 0 3 1 3 0 2) . 2)
((0 1 3 1 2 1 0 2 4 2 4 1 4 1 0 4 0 0 0 3 1) . 1)
((3 1 1 2 2 1 0 0 3 2 3 1 0 2 3 2 3 2 0 1 3) . 1)
((3 2 0 2 1 0 0 2 3 2 4 2 0 0 1 4 0 0 4 1 4) . 1)
((1 1 4 2 3 0 4 2 1 1 3 0 2 2 2 3 3 0 3 0 1) . 1)
((4 0 2 3 1 2 1 2 2 1 1 0 3 1 2 2 3 1 0 4 4) . 1)
((2 1 4 3 2 1 4 2 3 1 3 0 2 2 3 0 1 1 4 3 1) . 1)
((1 1 4 4 1 2 0 1 1 1 2 2 0 1 2 3 2 2 0 1 1) . 1)
((4 1 4 0 2 1 4 1 1 2 2 3 1 1 4 0 4 2 0 3 4) . 1)
((4 1 2 4 4 1 1 2 4 1 0 1 3 1 0 2 4 0 0 2 3) . 1)
((3 1 0 2 2 0 2 0 3 1 2 3 1 0 3 3 0 0 2 1 3) . 1)
((3 2 3 4 0 1 2 2 3 2 3 1 1 0 4 3 1 2 4 0 2) . 1)
96
((3 0 1 1 2 2 4 0 1 1 4 0 0 1 4 2 1 0 3 0 0) . 3)
((2 1 1 1 4 0 0 0 0 0 0 4 0 2 0 0 4 1 4 3 1) . 2)
((1 0 3 2 1 1 1 4 4 2 4 2 1 0 0 1 1 1 1 3 0) . 2)
((2 2 4 3 1 1 4 1 3 2 4 0 2 0 0 0 3 1 3 0 2) . 2)
((2 1 4 3 2 1 4 2 3 1 3 0 2 2 3 0 1 1 4 3 1) . 2)
((0 1 3 1 2 1 0 2 4 2 4 1 4 1 0 4 0 0 0 3 1) . 1)
((3 1 1 2 2 1 0 0 3 2 3 1 0 2 3 2 3 2 0 1 3) . 1)
((3 2 0 2 1 0 0 2 3 2 4 2 0 0 1 4 0 0 4 1 4) . 1)
((1 1 4 2 3 0 4 2 1 1 3 0 2 2 2 3 3 0 3 0 1) . 1)
((4 0 2 3 1 2 1 2 2 1 1 0 3 1 2 2 3 1 0 4 4) . 1)
((1 1 4 4 1 2 0 1 1 1 2 2 0 1 2 3 2 2 0 1 1) . 1)
((4 1 4 0 2 1 4 1 1 2 2 3 1 1 4 0 4 2 0 3 4) . 1)
((3 1 0 2 2 0 2 0 3 1 2 3 1 0 3 3 0 0 2 1 3) . 1)
((3 2 3 4 0 1 2 2 3 2 3 1 1 0 4 3 1 2 4 0 2) . 1)
95
((1 0 3 2 1 1 1 4 4 2 4 2 1 0 0 1 1 1 1 3 0) . 3)
((0 1 3 1 2 1 0 2 4 2 4 1 4 1 0 4 0 0 0 3 1) . 2)
((2 1 1 1 4 0 0 0 0 0 0 4 0 2 0 0 4 1 4 3 1) . 2)
((2 2 4 3 1 1 4 1 3 2 4 0 2 0 0 0 3 1 3 0 2) . 2)
((3 0 1 1 2 2 4 0 1 1 4 0 0 1 4 2 1 0 3 0 0) . 2)
((2 1 4 3 2 1 4 2 3 1 3 0 2 2 3 0 1 1 4 3 1) . 2)
((3 1 1 2 2 1 0 0 3 2 3 1 0 2 3 2 3 2 0 1 3) . 1)
((3 2 0 2 1 0 0 2 3 2 4 2 0 0 1 4 0 0 4 1 4) . 1)
((4 0 2 3 1 2 1 2 2 1 1 0 3 1 2 2 3 1 0 4 4) . 1)
((1 1 4 4 1 2 0 1 1 1 2 2 0 1 2 3 2 2 0 1 1) . 1)
((4 1 4 0 2 1 4 1 1 2 2 3 1 1 4 0 4 2 0 3 4) . 1)
((3 1 0 2 2 0 2 0 3 1 2 3 1 0 3 3 0 0 2 1 3) . 1)
((3 2 3 4 0 1 2 2 3 2 3 1 1 0 4 3 1 2 4 0 2) . 1)
94
((1 0 3 2 1 1 1 4 4 2 4 2 1 0 0 1 1 1 1 3 0) . 4)
((0 1 3 1 2 1 0 2 4 2 4 1 4 1 0 4 0 0 0 3 1) . 2)
((3 2 0 2 1 0 0 2 3 2 4 2 0 0 1 4 0 0 4 1 4) . 2)
((2 2 4 3 1 1 4 1 3 2 4 0 2 0 0 0 3 1 3 0 2) . 2)
((2 1 4 3 2 1 4 2 3 1 3 0 2 2 3 0 1 1 4 3 1) . 2)
((2 1 1 1 4 0 0 0 0 0 0 4 0 2 0 0 4 1 4 3 1) . 1)
((3 1 1 2 2 1 0 0 3 2 3 1 0 2 3 2 3 2 0 1 3) . 1)
((4 0 2 3 1 2 1 2 2 1 1 0 3 1 2 2 3 1 0 4 4) . 1)
((3 0 1 1 2 2 4 0 1 1 4 0 0 1 4 2 1 0 3 0 0) . 1)
((1 1 4 4 1 2 0 1 1 1 2 2 0 1 2 3 2 2 0 1 1) . 1)
((4 1 4 0 2 1 4 1 1 2 2 3 1 1 4 0 4 2 0 3 4) . 1)
((3 1 0 2 2 0 2 0 3 1 2 3 1 0 3 3 0 0 2 1 3) . 1)
((3 2 3 4 0 1 2 2 3 2 3 1 1 0 4 3 1 2 4 0 2) . 1)
93
((1 0 3 2 1 1 1 4 4 2 4 2 1 0 0 1 1 1 1 3 0) . 4)
((0 1 3 1 2 1 0 2 4 2 4 1 4 1 0 4 0 0 0 3 1) . 2)
((3 2 0 2 1 0 0 2 3 2 4 2 0 0 1 4 0 0 4 1 4) . 2)
((4 0 2 3 1 2 1 2 2 1 1 0 3 1 2 2 3 1 0 4 4) . 2)
((2 2 4 3 1 1 4 1 3 2 4 0 2 0 0 0 3 1 3 0 2) . 2)
((2 1 1 1 4 0 0 0 0 0 0 4 0 2 0 0 4 1 4 3 1) . 1)
((3 1 1 2 2 1 0 0 3 2 3 1 0 2 3 2 3 2 0 1 3) . 1)
((3 0 1 1 2 2 4 0 1 1 4 0 0 1 4 2 1 0 3 0 0) . 1)
((2 1 4 3 2 1 4 2 3 1 3 0 2 2 3 0 1 1 4 3 1) . 1)
((1 1 4 4 1 2 0 1 1 1 2 2 0 1 2 3 2 2 0 1 1) . 1)
((4 1 4 0 2 1 4 1 1 2 2 3 1 1 4 0 4 2 0 3 4) . 1)
((3 1 0 2 2 0 2 0 3 1 2 3 1 0 3 3 0 0 2 1 3) . 1)
((3 2 3 4 0 1 2 2 3 2 3 1 1 0 4 3 1 2 4 0 2) . 1)
92
((1 0 3 2 1 1 1 4 4 2 4 2 1 0 0 1 1 1 1 3 0) . 4)
((0 1 3 1 2 1 0 2 4 2 4 1 4 1 0 4 0 0 0 3 1) . 2)
((3 2 0 2 1 0 0 2 3 2 4 2 0 0 1 4 0 0 4 1 4) . 2)
((4 0 2 3 1 2 1 2 2 1 1 0 3 1 2 2 3 1 0 4 4) . 2)
((3 0 1 1 2 2 4 0 1 1 4 0 0 1 4 2 1 0 3 0 0) . 2)
((2 1 1 1 4 0 0 0 0 0 0 4 0 2 0 0 4 1 4 3 1) . 1)
((3 1 1 2 2 1 0 0 3 2 3 1 0 2 3 2 3 2 0 1 3) . 1)
((2 2 4 3 1 1 4 1 3 2 4 0 2 0 0 0 3 1 3 0 2) . 1)
((2 1 4 3 2 1 4 2 3 1 3 0 2 2 3 0 1 1 4 3 1) . 1)
((1 1 4 4 1 2 0 1 1 1 2 2 0 1 2 3 2 2 0 1 1) . 1)
((4 1 4 0 2 1 4 1 1 2 2 3 1 1 4 0 4 2 0 3 4) . 1)
((3 1 0 2 2 0 2 0 3 1 2 3 1 0 3 3 0 0 2 1 3) . 1)
((3 2 3 4 0 1 2 2 3 2 3 1 1 0 4 3 1 2 4 0 2) . 1)
91
((0 1 3 1 2 1 0 2 4 2 4 1 4 1 0 4 0 0 0 3 1) . 3)
((4 0 2 3 1 2 1 2 2 1 1 0 3 1 2 2 3 1 0 4 4) . 3)
((1 0 3 2 1 1 1 4 4 2 4 2 1 0 0 1 1 1 1 3 0) . 3)
((3 2 0 2 1 0 0 2 3 2 4 2 0 0 1 4 0 0 4 1 4) . 2)
((2 1 1 1 4 0 0 0 0 0 0 4 0 2 0 0 4 1 4 3 1) . 1)
((3 1 1 2 2 1 0 0 3 2 3 1 0 2 3 2 3 2 0 1 3) . 1)
((2 2 4 3 1 1 4 1 3 2 4 0 2 0 0 0 3 1 3 0 2) . 1)
((3 0 1 1 2 2 4 0 1 1 4 0 0 1 4 2 1 0 3 0 0) . 1)
((2 1 4 3 2 1 4 2 3 1 3 0 2 2 3 0 1 1 4 3 1) . 1)
((1 1 4 4 1 2 0 1 1 1 2 2 0 1 2 3 2 2 0 1 1) . 1)
((4 1 4 0 2 1 4 1 1 2 2 3 1 1 4 0 4 2 0 3 4) . 1)
((3 1 0 2 2 0 2 0 3 1 2 3 1 0 3 3 0 0 2 1 3) . 1)
((3 2 3 4 0 1 2 2 3 2 3 1 1 0 4 3 1 2 4 0 2) . 1)
90
((3 2 0 2 1 0 0 2 3 2 4 2 0 0 1 4 0 0 4 1 4) . 3)
((1 0 3 2 1 1 1 4 4 2 4 2 1 0 0 1 1 1 1 3 0) . 3)
((0 1 3 1 2 1 0 2 4 2 4 1 4 1 0 4 0 0 0 3 1) . 2)
((4 0 2 3 1 2 1 2 2 1 1 0 3 1 2 2 3 1 0 4 4) . 2)
((3 2 3 4 0 1 2 2 3 2 3 1 1 0 4 3 1 2 4 0 2) . 2)
((2 1 1 1 4 0 0 0 0 0 0 4 0 2 0 0 4 1 4 3 1) . 1)
((3 1 1 2 2 1 0 0 3 2 3 1 0 2 3 2 3 2 0 1 3) . 1)
((2 2 4 3 1 1 4 1 3 2 4 0 2 0 0 0 3 1 3 0 2) . 1)
((3 0 1 1 2 2 4 0 1 1 4 0 0 1 4 2 1 0 3 0 0) . 1)
((2 1 4 3 2 1 4 2 3 1 3 0 2 2 3 0 1 1 4 3 1) . 1)
((1 1 4 4 1 2 0 1 1 1 2 2 0 1 2 3 2 2 0 1 1) . 1)
((4 1 4 0 2 1 4 1 1 2 2 3 1 1 4 0 4 2 0 3 4) . 1)
((3 1 0 2 2 0 2 0 3 1 2 3 1 0 3 3 0 0 2 1 3) . 1)
89
((1 0 3 2 1 1 1 4 4 2 4 2 1 0 0 1 1 1 1 3 0) . 4)
((0 1 3 1 2 1 0 2 4 2 4 1 4 1 0 4 0 0 0 3 1) . 2)
((3 2 0 2 1 0 0 2 3 2 4 2 0 0 1 4 0 0 4 1 4) . 2)
((4 0 2 3 1 2 1 2 2 1 1 0 3 1 2 2 3 1 0 4 4) . 2)
((4 1 4 0 2 1 4 1 1 2 2 3 1 1 4 0 4 2 0 3 4) . 2)
((3 2 3 4 0 1 2 2 3 2 3 1 1 0 4 3 1 2 4 0 2) . 2)
((3 1 1 2 2 1 0 0 3 2 3 1 0 2 3 2 3 2 0 1 3) . 1)
((2 2 4 3 1 1 4 1 3 2 4 0 2 0 0 0 3 1 3 0 2) . 1)
((3 0 1 1 2 2 4 0 1 1 4 0 0 1 4 2 1 0 3 0 0) . 1)
((2 1 4 3 2 1 4 2 3 1 3 0 2 2 3 0 1 1 4 3 1) . 1)
((1 1 4 4 1 2 0 1 1 1 2 2 0 1 2 3 2 2 0 1 1) . 1)
((3 1 0 2 2 0 2 0 3 1 2 3 1 0 3 3 0 0 2 1 3) . 1)
88
((3 2 0 2 1 0 0 2 3 2 4 2 0 0 1 4 0 0 4 1 4) . 4)
((1 0 3 2 1 1 1 4 4 2 4 2 1 0 0 1 1 1 1 3 0) . 3)
((0 1 3 1 2 1 0 2 4 2 4 1 4 1 0 4 0 0 0 3 1) . 2)
((4 0 2 3 1 2 1 2 2 1 1 0 3 1 2 2 3 1 0 4 4) . 2)
((4 1 4 0 2 1 4 1 1 2 2 3 1 1 4 0 4 2 0 3 4) . 2)
((3 2 3 4 0 1 2 2 3 2 3 1 1 0 4 3 1 2 4 0 2) . 2)
((3 1 1 2 2 1 0 0 3 2 3 1 0 2 3 2 3 2 0 1 3) . 1)
((3 0 1 1 2 2 4 0 1 1 4 0 0 1 4 2 1 0 3 0 0) . 1)
((2 1 4 3 2 1 4 2 3 1 3 0 2 2 3 0 1 1 4 3 1) . 1)
((1 1 4 4 1 2 0 1 1 1 2 2 0 1 2 3 2 2 0 1 1) . 1)
((3 1 0 2 2 0 2 0 3 1 2 3 1 0 3 3 0 0 2 1 3) . 1)
87
((3 2 0 2 1 0 0 2 3 2 4 2 0 0 1 4 0 0 4 1 4) . 4)
((4 0 2 3 1 2 1 2 2 1 1 0 3 1 2 2 3 1 0 4 4) . 3)
((1 0 3 2 1 1 1 4 4 2 4 2 1 0 0 1 1 1 1 3 0) . 3)
((0 1 3 1 2 1 0 2 4 2 4 1 4 1 0 4 0 0 0 3 1) . 2)
((3 2 3 4 0 1 2 2 3 2 3 1 1 0 4 3 1 2 4 0 2) . 2)
((3 1 1 2 2 1 0 0 3 2 3 1 0 2 3 2 3 2 0 1 3) . 1)
((3 0 1 1 2 2 4 0 1 1 4 0 0 1 4 2 1 0 3 0 0) . 1)
((2 1 4 3 2 1 4 2 3 1 3 0 2 2 3 0 1 1 4 3 1) . 1)
((1 1 4 4 1 2 0 1 1 1 2 2 0 1 2 3 2 2 0 1 1) . 1)
((4 1 4 0 2 1 4 1 1 2 2 3 1 1 4 0 4 2 0 3 4) . 1)
((3 1 0 2 2 0 2 0 3 1 2 3 1 0 3 3 0 0 2 1 3) . 1)
86
((3 2 0 2 1 0 0 2 3 2 4 2 0 0 1 4 0 0 4 1 4) . 4)
((1 0 3 2 1 1 1 4 4 2 4 2 1 0 0 1 1 1 1 3 0) . 3)
((3 2 3 4 0 1 2 2 3 2 3 1 1 0 4 3 1 2 4 0 2) . 3)
((0 1 3 1 2 1 0 2 4 2 4 1 4 1 0 4 0 0 0 3 1) . 2)
((4 0 2 3 1 2 1 2 2 1 1 0 3 1 2 2 3 1 0 4 4) . 2)
((2 1 4 3 2 1 4 2 3 1 3 0 2 2 3 0 1 1 4 3 1) . 2)
((3 1 1 2 2 1 0 0 3 2 3 1 0 2 3 2 3 2 0 1 3) . 1)
((3 0 1 1 2 2 4 0 1 1 4 0 0 1 4 2 1 0 3 0 0) . 1)
((4 1 4 0 2 1 4 1 1 2 2 3 1 1 4 0 4 2 0 3 4) . 1)
((3 1 0 2 2 0 2 0 3 1 2 3 1 0 3 3 0 0 2 1 3) . 1)
85
((3 2 0 2 1 0 0 2 3 2 4 2 0 0 1 4 0 0 4 1 4) . 4)
((3 2 3 4 0 1 2 2 3 2 3 1 1 0 4 3 1 2 4 0 2) . 4)
((1 0 3 2 1 1 1 4 4 2 4 2 1 0 0 1 1 1 1 3 0) . 3)
((0 1 3 1 2 1 0 2 4 2 4 1 4 1 0 4 0 0 0 3 1) . 2)
((2 1 4 3 2 1 4 2 3 1 3 0 2 2 3 0 1 1 4 3 1) . 2)
((3 1 1 2 2 1 0 0 3 2 3 1 0 2 3 2 3 2 0 1 3) . 1)
((4 0 2 3 1 2 1 2 2 1 1 0 3 1 2 2 3 1 0 4 4) . 1)
((3 0 1 1 2 2 4 0 1 1 4 0 0 1 4 2 1 0 3 0 0) . 1)
((4 1 4 0 2 1 4 1 1 2 2 3 1 1 4 0 4 2 0 3 4) . 1)
((3 1 0 2 2 0 2 0 3 1 2 3 1 0 3 3 0 0 2 1 3) . 1)
84
((3 2 0 2 1 0 0 2 3 2 4 2 0 0 1 4 0 0 4 1 4) . 4)
((1 0 3 2 1 1 1 4 4 2 4 2 1 0 0 1 1 1 1 3 0) . 4)
((3 2 3 4 0 1 2 2 3 2 3 1 1 0 4 3 1 2 4 0 2) . 4)
((0 1 3 1 2 1 0 2 4 2 4 1 4 1 0 4 0 0 0 3 1) . 2)
((2 1 4 3 2 1 4 2 3 1 3 0 2 2 3 0 1 1 4 3 1) . 2)
((3 1 1 2 2 1 0 0 3 2 3 1 0 2 3 2 3 2 0 1 3) . 1)
((3 0 1 1 2 2 4 0 1 1 4 0 0 1 4 2 1 0 3 0 0) . 1)
((4 1 4 0 2 1 4 1 1 2 2 3 1 1 4 0 4 2 0 3 4) . 1)
((3 1 0 2 2 0 2 0 3 1 2 3 1 0 3 3 0 0 2 1 3) . 1)
83
((1 0 3 2 1 1 1 4 4 2 4 2 1 0 0 1 1 1 1 3 0) . 5)
((3 2 0 2 1 0 0 2 3 2 4 2 0 0 1 4 0 0 4 1 4) . 4)
((0 1 3 1 2 1 0 2 4 2 4 1 4 1 0 4 0 0 0 3 1) . 2)
((3 0 1 1 2 2 4 0 1 1 4 0 0 1 4 2 1 0 3 0 0) . 2)
((2 1 4 3 2 1 4 2 3 1 3 0 2 2 3 0 1 1 4 3 1) . 2)
((3 2 3 4 0 1 2 2 3 2 3 1 1 0 4 3 1 2 4 0 2) . 2)
((3 1 1 2 2 1 0 0 3 2 3 1 0 2 3 2 3 2 0 1 3) . 1)
((4 1 4 0 2 1 4 1 1 2 2 3 1 1 4 0 4 2 0 3 4) . 1)
((3 1 0 2 2 0 2 0 3 1 2 3 1 0 3 3 0 0 2 1 3) . 1)
82
((1 0 3 2 1 1 1 4 4 2 4 2 1 0 0 1 1 1 1 3 0) . 5)
((3 2 0 2 1 0 0 2 3 2 4 2 0 0 1 4 0 0 4 1 4) . 3)
((3 0 1 1 2 2 4 0 1 1 4 0 0 1 4 2 1 0 3 0 0) . 3)
((0 1 3 1 2 1 0 2 4 2 4 1 4 1 0 4 0 0 0 3 1) . 2)
((2 1 4 3 2 1 4 2 3 1 3 0 2 2 3 0 1 1 4 3 1) . 2)
((3 2 3 4 0 1 2 2 3 2 3 1 1 0 4 3 1 2 4 0 2) . 2)
((3 1 1 2 2 1 0 0 3 2 3 1 0 2 3 2 3 2 0 1 3) . 1)
((4 1 4 0 2 1 4 1 1 2 2 3 1 1 4 0 4 2 0 3 4) . 1)
((3 1 0 2 2 0 2 0 3 1 2 3 1 0 3 3 0 0 2 1 3) . 1)
81
((1 0 3 2 1 1 1 4 4 2 4 2 1 0 0 1 1 1 1 3 0) . 6)
((3 2 0 2 1 0 0 2 3 2 4 2 0 0 1 4 0 0 4 1 4) . 3)
((3 0 1 1 2 2 4 0 1 1 4 0 0 1 4 2 1 0 3 0 0) . 3)
((0 1 3 1 2 1 0 2 4 2 4 1 4 1 0 4 0 0 0 3 1) . 2)
((4 1 4 0 2 1 4 1 1 2 2 3 1 1 4 0 4 2 0 3 4) . 2)
((3 2 3 4 0 1 2 2 3 2 3 1 1 0 4 3 1 2 4 0 2) . 2)
((3 1 1 2 2 1 0 0 3 2 3 1 0 2 3 2 3 2 0 1 3) . 1)
((2 1 4 3 2 1 4 2 3 1 3 0 2 2 3 0 1 1 4 3 1) . 1)
80
((1 0 3 2 1 1 1 4 4 2 4 2 1 0 0 1 1 1 1 3 0) . 7)
((3 0 1 1 2 2 4 0 1 1 4 0 0 1 4 2 1 0 3 0 0) . 4)
((3 2 0 2 1 0 0 2 3 2 4 2 0 0 1 4 0 0 4 1 4) . 3)
((0 1 3 1 2 1 0 2 4 2 4 1 4 1 0 4 0 0 0 3 1) . 2)
((3 2 3 4 0 1 2 2 3 2 3 1 1 0 4 3 1 2 4 0 2) . 2)
((3 1 1 2 2 1 0 0 3 2 3 1 0 2 3 2 3 2 0 1 3) . 1)
((4 1 4 0 2 1 4 1 1 2 2 3 1 1 4 0 4 2 0 3 4) . 1)
79
((1 0 3 2 1 1 1 4 4 2 4 2 1 0 0 1 1 1 1 3 0) . 7)
((3 0 1 1 2 2 4 0 1 1 4 0 0 1 4 2 1 0 3 0 0) . 4)
((0 1 3 1 2 1 0 2 4 2 4 1 4 1 0 4 0 0 0 3 1) . 3)
((3 2 0 2 1 0 0 2 3 2 4 2 0 0 1 4 0 0 4 1 4) . 2)
((3 2 3 4 0 1 2 2 3 2 3 1 1 0 4 3 1 2 4 0 2) . 2)
((3 1 1 2 2 1 0 0 3 2 3 1 0 2 3 2 3 2 0 1 3) . 1)
((4 1 4 0 2 1 4 1 1 2 2 3 1 1 4 0 4 2 0 3 4) . 1)
78
((1 0 3 2 1 1 1 4 4 2 4 2 1 0 0 1 1 1 1 3 0) . 8)
((3 0 1 1 2 2 4 0 1 1 4 0 0 1 4 2 1 0 3 0 0) . 4)
((0 1 3 1 2 1 0 2 4 2 4 1 4 1 0 4 0 0 0 3 1) . 3)
((3 2 0 2 1 0 0 2 3 2 4 2 0 0 1 4 0 0 4 1 4) . 2)
((3 1 1 2 2 1 0 0 3 2 3 1 0 2 3 2 3 2 0 1 3) . 1)
((4 1 4 0 2 1 4 1 1 2 2 3 1 1 4 0 4 2 0 3 4) . 1)
((3 2 3 4 0 1 2 2 3 2 3 1 1 0 4 3 1 2 4 0 2) . 1)
77
((1 0 3 2 1 1 1 4 4 2 4 2 1 0 0 1 1 1 1 3 0) . 7)
((0 1 3 1 2 1 0 2 4 2 4 1 4 1 0 4 0 0 0 3 1) . 4)
((3 0 1 1 2 2 4 0 1 1 4 0 0 1 4 2 1 0 3 0 0) . 4)
((4 1 4 0 2 1 4 1 1 2 2 3 1 1 4 0 4 2 0 3 4) . 2)
((3 1 1 2 2 1 0 0 3 2 3 1 0 2 3 2 3 2 0 1 3) . 1)
((3 2 0 2 1 0 0 2 3 2 4 2 0 0 1 4 0 0 4 1 4) . 1)
((3 2 3 4 0 1 2 2 3 2 3 1 1 0 4 3 1 2 4 0 2) . 1)
76
((1 0 3 2 1 1 1 4 4 2 4 2 1 0 0 1 1 1 1 3 0) . 7)
((0 1 3 1 2 1 0 2 4 2 4 1 4 1 0 4 0 0 0 3 1) . 5)
((3 0 1 1 2 2 4 0 1 1 4 0 0 1 4 2 1 0 3 0 0) . 4)
((3 1 1 2 2 1 0 0 3 2 3 1 0 2 3 2 3 2 0 1 3) . 1)
((3 2 0 2 1 0 0 2 3 2 4 2 0 0 1 4 0 0 4 1 4) . 1)
((4 1 4 0 2 1 4 1 1 2 2 3 1 1 4 0 4 2 0 3 4) . 1)
((3 2 3 4 0 1 2 2 3 2 3 1 1 0 4 3 1 2 4 0 2) . 1)
75
((1 0 3 2 1 1 1 4 4 2 4 2 1 0 0 1 1 1 1 3 0) . 7)
((3 0 1 1 2 2 4 0 1 1 4 0 0 1 4 2 1 0 3 0 0) . 6)
((0 1 3 1 2 1 0 2 4 2 4 1 4 1 0 4 0 0 0 3 1) . 4)
((3 1 1 2 2 1 0 0 3 2 3 1 0 2 3 2 3 2 0 1 3) . 1)
((3 2 0 2 1 0 0 2 3 2 4 2 0 0 1 4 0 0 4 1 4) . 1)
((3 2 3 4 0 1 2 2 3 2 3 1 1 0 4 3 1 2 4 0 2) . 1)
74
((1 0 3 2 1 1 1 4 4 2 4 2 1 0 0 1 1 1 1 3 0) . 7)
((3 0 1 1 2 2 4 0 1 1 4 0 0 1 4 2 1 0 3 0 0) . 6)
((0 1 3 1 2 1 0 2 4 2 4 1 4 1 0 4 0 0 0 3 1) . 4)
((3 1 1 2 2 1 0 0 3 2 3 1 0 2 3 2 3 2 0 1 3) . 1)
((3 2 0 2 1 0 0 2 3 2 4 2 0 0 1 4 0 0 4 1 4) . 1)
((3 2 3 4 0 1 2 2 3 2 3 1 1 0 4 3 1 2 4 0 2) . 1)
73
((1 0 3 2 1 1 1 4 4 2 4 2 1 0 0 1 1 1 1 3 0) . 7)
((3 0 1 1 2 2 4 0 1 1 4 0 0 1 4 2 1 0 3 0 0) . 6)
((0 1 3 1 2 1 0 2 4 2 4 1 4 1 0 4 0 0 0 3 1) . 4)
((3 1 1 2 2 1 0 0 3 2 3 1 0 2 3 2 3 2 0 1 3) . 1)
((3 2 0 2 1 0 0 2 3 2 4 2 0 0 1 4 0 0 4 1 4) . 1)
((3 2 3 4 0 1 2 2 3 2 3 1 1 0 4 3 1 2 4 0 2) . 1)
72
((1 0 3 2 1 1 1 4 4 2 4 2 1 0 0 1 1 1 1 3 0) . 6)
((3 0 1 1 2 2 4 0 1 1 4 0 0 1 4 2 1 0 3 0 0) . 6)
((0 1 3 1 2 1 0 2 4 2 4 1 4 1 0 4 0 0 0 3 1) . 5)
((3 1 1 2 2 1 0 0 3 2 3 1 0 2 3 2 3 2 0 1 3) . 1)
((3 2 0 2 1 0 0 2 3 2 4 2 0 0 1 4 0 0 4 1 4) . 1)
((3 2 3 4 0 1 2 2 3 2 3 1 1 0 4 3 1 2 4 0 2) . 1)
71
((1 0 3 2 1 1 1 4 4 2 4 2 1 0 0 1 1 1 1 3 0) . 7)
((3 0 1 1 2 2 4 0 1 1 4 0 0 1 4 2 1 0 3 0 0) . 6)
((0 1 3 1 2 1 0 2 4 2 4 1 4 1 0 4 0 0 0 3 1) . 4)
((3 1 1 2 2 1 0 0 3 2 3 1 0 2 3 2 3 2 0 1 3) . 1)
((3 2 0 2 1 0 0 2 3 2 4 2 0 0 1 4 0 0 4 1 4) . 1)
((3 2 3 4 0 1 2 2 3 2 3 1 1 0 4 3 1 2 4 0 2) . 1)
70
((3 0 1 1 2 2 4 0 1 1 4 0 0 1 4 2 1 0 3 0 0) . 8)
((1 0 3 2 1 1 1 4 4 2 4 2 1 0 0 1 1 1 1 3 0) . 7)
((0 1 3 1 2 1 0 2 4 2 4 1 4 1 0 4 0 0 0 3 1) . 3)
((3 1 1 2 2 1 0 0 3 2 3 1 0 2 3 2 3 2 0 1 3) . 1)
((3 2 3 4 0 1 2 2 3 2 3 1 1 0 4 3 1 2 4 0 2) . 1)
69
((1 0 3 2 1 1 1 4 4 2 4 2 1 0 0 1 1 1 1 3 0) . 8)
((3 0 1 1 2 2 4 0 1 1 4 0 0 1 4 2 1 0 3 0 0) . 7)
((0 1 3 1 2 1 0 2 4 2 4 1 4 1 0 4 0 0 0 3 1) . 3)
((3 1 1 2 2 1 0 0 3 2 3 1 0 2 3 2 3 2 0 1 3) . 1)
((3 2 3 4 0 1 2 2 3 2 3 1 1 0 4 3 1 2 4 0 2) . 1)
68
((1 0 3 2 1 1 1 4 4 2 4 2 1 0 0 1 1 1 1 3 0) . 9)
((3 0 1 1 2 2 4 0 1 1 4 0 0 1 4 2 1 0 3 0 0) . 6)
((0 1 3 1 2 1 0 2 4 2 4 1 4 1 0 4 0 0 0 3 1) . 4)
((3 1 1 2 2 1 0 0 3 2 3 1 0 2 3 2 3 2 0 1 3) . 1)
67
((1 0 3 2 1 1 1 4 4 2 4 2 1 0 0 1 1 1 1 3 0) . 9)
((3 0 1 1 2 2 4 0 1 1 4 0 0 1 4 2 1 0 3 0 0) . 6)
((0 1 3 1 2 1 0 2 4 2 4 1 4 1 0 4 0 0 0 3 1) . 4)
((3 1 1 2 2 1 0 0 3 2 3 1 0 2 3 2 3 2 0 1 3) . 1)
66
((1 0 3 2 1 1 1 4 4 2 4 2 1 0 0 1 1 1 1 3 0) . 9)
((3 0 1 1 2 2 4 0 1 1 4 0 0 1 4 2 1 0 3 0 0) . 6)
((0 1 3 1 2 1 0 2 4 2 4 1 4 1 0 4 0 0 0 3 1) . 4)
((3 1 1 2 2 1 0 0 3 2 3 1 0 2 3 2 3 2 0 1 3) . 1)
65
((3 0 1 1 2 2 4 0 1 1 4 0 0 1 4 2 1 0 3 0 0) . 8)
((1 0 3 2 1 1 1 4 4 2 4 2 1 0 0 1 1 1 1 3 0) . 7)
((0 1 3 1 2 1 0 2 4 2 4 1 4 1 0 4 0 0 0 3 1) . 4)
((3 1 1 2 2 1 0 0 3 2 3 1 0 2 3 2 3 2 0 1 3) . 1)
64
((1 0 3 2 1 1 1 4 4 2 4 2 1 0 0 1 1 1 1 3 0) . 8)
((3 0 1 1 2 2 4 0 1 1 4 0 0 1 4 2 1 0 3 0 0) . 8)
((0 1 3 1 2 1 0 2 4 2 4 1 4 1 0 4 0 0 0 3 1) . 3)
((3 1 1 2 2 1 0 0 3 2 3 1 0 2 3 2 3 2 0 1 3) . 1)
63
((1 0 3 2 1 1 1 4 4 2 4 2 1 0 0 1 1 1 1 3 0) . 8)
((3 0 1 1 2 2 4 0 1 1 4 0 0 1 4 2 1 0 3 0 0) . 7)
((0 1 3 1 2 1 0 2 4 2 4 1 4 1 0 4 0 0 0 3 1) . 4)
((3 1 1 2 2 1 0 0 3 2 3 1 0 2 3 2 3 2 0 1 3) . 1)
62
((1 0 3 2 1 1 1 4 4 2 4 2 1 0 0 1 1 1 1 3 0) . 7)
((3 0 1 1 2 2 4 0 1 1 4 0 0 1 4 2 1 0 3 0 0) . 7)
((0 1 3 1 2 1 0 2 4 2 4 1 4 1 0 4 0 0 0 3 1) . 5)
((3 1 1 2 2 1 0 0 3 2 3 1 0 2 3 2 3 2 0 1 3) . 1)
61
((1 0 3 2 1 1 1 4 4 2 4 2 1 0 0 1 1 1 1 3 0) . 8)
((3 0 1 1 2 2 4 0 1 1 4 0 0 1 4 2 1 0 3 0 0) . 6)
((0 1 3 1 2 1 0 2 4 2 4 1 4 1 0 4 0 0 0 3 1) . 5)
((3 1 1 2 2 1 0 0 3 2 3 1 0 2 3 2 3 2 0 1 3) . 1)
60
((0 1 3 1 2 1 0 2 4 2 4 1 4 1 0 4 0 0 0 3 1) . 7)
((1 0 3 2 1 1 1 4 4 2 4 2 1 0 0 1 1 1 1 3 0) . 7)
((3 0 1 1 2 2 4 0 1 1 4 0 0 1 4 2 1 0 3 0 0) . 5)
((3 1 1 2 2 1 0 0 3 2 3 1 0 2 3 2 3 2 0 1 3) . 1)
59
((0 1 3 1 2 1 0 2 4 2 4 1 4 1 0 4 0 0 0 3 1) . 8)
((3 0 1 1 2 2 4 0 1 1 4 0 0 1 4 2 1 0 3 0 0) . 6)
((1 0 3 2 1 1 1 4 4 2 4 2 1 0 0 1 1 1 1 3 0) . 5)
((3 1 1 2 2 1 0 0 3 2 3 1 0 2 3 2 3 2 0 1 3) . 1)
58
((0 1 3 1 2 1 0 2 4 2 4 1 4 1 0 4 0 0 0 3 1) . 9)
((1 0 3 2 1 1 1 4 4 2 4 2 1 0 0 1 1 1 1 3 0) . 5)
((3 0 1 1 2 2 4 0 1 1 4 0 0 1 4 2 1 0 3 0 0) . 5)
((3 1 1 2 2 1 0 0 3 2 3 1 0 2 3 2 3 2 0 1 3) . 1)
57
((0 1 3 1 2 1 0 2 4 2 4 1 4 1 0 4 0 0 0 3 1) . 9)
((1 0 3 2 1 1 1 4 4 2 4 2 1 0 0 1 1 1 1 3 0) . 5)
((3 0 1 1 2 2 4 0 1 1 4 0 0 1 4 2 1 0 3 0 0) . 5)
((3 1 1 2 2 1 0 0 3 2 3 1 0 2 3 2 3 2 0 1 3) . 1)
56
((0 1 3 1 2 1 0 2 4 2 4 1 4 1 0 4 0 0 0 3 1) . 10)
((1 0 3 2 1 1 1 4 4 2 4 2 1 0 0 1 1 1 1 3 0) . 5)
((3 0 1 1 2 2 4 0 1 1 4 0 0 1 4 2 1 0 3 0 0) . 4)
((3 1 1 2 2 1 0 0 3 2 3 1 0 2 3 2 3 2 0 1 3) . 1)
55
((0 1 3 1 2 1 0 2 4 2 4 1 4 1 0 4 0 0 0 3 1) . 9)
((3 0 1 1 2 2 4 0 1 1 4 0 0 1 4 2 1 0 3 0 0) . 6)
((1 0 3 2 1 1 1 4 4 2 4 2 1 0 0 1 1 1 1 3 0) . 5)
54
((0 1 3 1 2 1 0 2 4 2 4 1 4 1 0 4 0 0 0 3 1) . 10)
((1 0 3 2 1 1 1 4 4 2 4 2 1 0 0 1 1 1 1 3 0) . 5)
((3 0 1 1 2 2 4 0 1 1 4 0 0 1 4 2 1 0 3 0 0) . 5)
53
((0 1 3 1 2 1 0 2 4 2 4 1 4 1 0 4 0 0 0 3 1) . 11)
((1 0 3 2 1 1 1 4 4 2 4 2 1 0 0 1 1 1 1 3 0) . 5)
((3 0 1 1 2 2 4 0 1 1 4 0 0 1 4 2 1 0 3 0 0) . 4)
52
((0 1 3 1 2 1 0 2 4 2 4 1 4 1 0 4 0 0 0 3 1) . 11)
((3 0 1 1 2 2 4 0 1 1 4 0 0 1 4 2 1 0 3 0 0) . 5)
((1 0 3 2 1 1 1 4 4 2 4 2 1 0 0 1 1 1 1 3 0) . 4)
51
((0 1 3 1 2 1 0 2 4 2 4 1 4 1 0 4 0 0 0 3 1) . 10)
((1 0 3 2 1 1 1 4 4 2 4 2 1 0 0 1 1 1 1 3 0) . 5)
((3 0 1 1 2 2 4 0 1 1 4 0 0 1 4 2 1 0 3 0 0) . 5)
50
((0 1 3 1 2 1 0 2 4 2 4 1 4 1 0 4 0 0 0 3 1) . 10)
((3 0 1 1 2 2 4 0 1 1 4 0 0 1 4 2 1 0 3 0 0) . 6)
((1 0 3 2 1 1 1 4 4 2 4 2 1 0 0 1 1 1 1 3 0) . 4)
49
((0 1 3 1 2 1 0 2 4 2 4 1 4 1 0 4 0 0 0 3 1) . 11)
((3 0 1 1 2 2 4 0 1 1 4 0 0 1 4 2 1 0 3 0 0) . 6)
((1 0 3 2 1 1 1 4 4 2 4 2 1 0 0 1 1 1 1 3 0) . 3)
48
((0 1 3 1 2 1 0 2 4 2 4 1 4 1 0 4 0 0 0 3 1) . 11)
((3 0 1 1 2 2 4 0 1 1 4 0 0 1 4 2 1 0 3 0 0) . 6)
((1 0 3 2 1 1 1 4 4 2 4 2 1 0 0 1 1 1 1 3 0) . 3)
47
((0 1 3 1 2 1 0 2 4 2 4 1 4 1 0 4 0 0 0 3 1) . 12)
((3 0 1 1 2 2 4 0 1 1 4 0 0 1 4 2 1 0 3 0 0) . 5)
((1 0 3 2 1 1 1 4 4 2 4 2 1 0 0 1 1 1 1 3 0) . 3)
46
((0 1 3 1 2 1 0 2 4 2 4 1 4 1 0 4 0 0 0 3 1) . 12)
((1 0 3 2 1 1 1 4 4 2 4 2 1 0 0 1 1 1 1 3 0) . 4)
((3 0 1 1 2 2 4 0 1 1 4 0 0 1 4 2 1 0 3 0 0) . 4)
45
((0 1 3 1 2 1 0 2 4 2 4 1 4 1 0 4 0 0 0 3 1) . 13)
((3 0 1 1 2 2 4 0 1 1 4 0 0 1 4 2 1 0 3 0 0) . 5)
((1 0 3 2 1 1 1 4 4 2 4 2 1 0 0 1 1 1 1 3 0) . 2)
44
((0 1 3 1 2 1 0 2 4 2 4 1 4 1 0 4 0 0 0 3 1) . 11)
((3 0 1 1 2 2 4 0 1 1 4 0 0 1 4 2 1 0 3 0 0) . 7)
((1 0 3 2 1 1 1 4 4 2 4 2 1 0 0 1 1 1 1 3 0) . 2)
43
((0 1 3 1 2 1 0 2 4 2 4 1 4 1 0 4 0 0 0 3 1) . 10)
((3 0 1 1 2 2 4 0 1 1 4 0 0 1 4 2 1 0 3 0 0) . 9)
((1 0 3 2 1 1 1 4 4 2 4 2 1 0 0 1 1 1 1 3 0) . 1)
42
((0 1 3 1 2 1 0 2 4 2 4 1 4 1 0 4 0 0 0 3 1) . 10)
((3 0 1 1 2 2 4 0 1 1 4 0 0 1 4 2 1 0 3 0 0) . 9)
((1 0 3 2 1 1 1 4 4 2 4 2 1 0 0 1 1 1 1 3 0) . 1)
41
((0 1 3 1 2 1 0 2 4 2 4 1 4 1 0 4 0 0 0 3 1) . 9)
((3 0 1 1 2 2 4 0 1 1 4 0 0 1 4 2 1 0 3 0 0) . 9)
((1 0 3 2 1 1 1 4 4 2 4 2 1 0 0 1 1 1 1 3 0) . 2)
40
((0 1 3 1 2 1 0 2 4 2 4 1 4 1 0 4 0 0 0 3 1) . 9)
((3 0 1 1 2 2 4 0 1 1 4 0 0 1 4 2 1 0 3 0 0) . 9)
((1 0 3 2 1 1 1 4 4 2 4 2 1 0 0 1 1 1 1 3 0) . 2)
39
((0 1 3 1 2 1 0 2 4 2 4 1 4 1 0 4 0 0 0 3 1) . 10)
((3 0 1 1 2 2 4 0 1 1 4 0 0 1 4 2 1 0 3 0 0) . 9)
((1 0 3 2 1 1 1 4 4 2 4 2 1 0 0 1 1 1 1 3 0) . 1)
38
((0 1 3 1 2 1 0 2 4 2 4 1 4 1 0 4 0 0 0 3 1) . 10)
((3 0 1 1 2 2 4 0 1 1 4 0 0 1 4 2 1 0 3 0 0) . 10)
37
((0 1 3 1 2 1 0 2 4 2 4 1 4 1 0 4 0 0 0 3 1) . 10)
((3 0 1 1 2 2 4 0 1 1 4 0 0 1 4 2 1 0 3 0 0) . 10)
36
((0 1 3 1 2 1 0 2 4 2 4 1 4 1 0 4 0 0 0 3 1) . 10)
((3 0 1 1 2 2 4 0 1 1 4 0 0 1 4 2 1 0 3 0 0) . 10)
35
((3 0 1 1 2 2 4 0 1 1 4 0 0 1 4 2 1 0 3 0 0) . 11)
((0 1 3 1 2 1 0 2 4 2 4 1 4 1 0 4 0 0 0 3 1) . 9)
34
((0 1 3 1 2 1 0 2 4 2 4 1 4 1 0 4 0 0 0 3 1) . 10)
((3 0 1 1 2 2 4 0 1 1 4 0 0 1 4 2 1 0 3 0 0) . 10)
33
((3 0 1 1 2 2 4 0 1 1 4 0 0 1 4 2 1 0 3 0 0) . 11)
((0 1 3 1 2 1 0 2 4 2 4 1 4 1 0 4 0 0 0 3 1) . 9)
32
((0 1 3 1 2 1 0 2 4 2 4 1 4 1 0 4 0 0 0 3 1) . 10)
((3 0 1 1 2 2 4 0 1 1 4 0 0 1 4 2 1 0 3 0 0) . 10)
31
((0 1 3 1 2 1 0 2 4 2 4 1 4 1 0 4 0 0 0 3 1) . 10)
((3 0 1 1 2 2 4 0 1 1 4 0 0 1 4 2 1 0 3 0 0) . 10)
30
((0 1 3 1 2 1 0 2 4 2 4 1 4 1 0 4 0 0 0 3 1) . 10)
((3 0 1 1 2 2 4 0 1 1 4 0 0 1 4 2 1 0 3 0 0) . 10)
29
((0 1 3 1 2 1 0 2 4 2 4 1 4 1 0 4 0 0 0 3 1) . 10)
((3 0 1 1 2 2 4 0 1 1 4 0 0 1 4 2 1 0 3 0 0) . 10)
28
((0 1 3 1 2 1 0 2 4 2 4 1 4 1 0 4 0 0 0 3 1) . 10)
((3 0 1 1 2 2 4 0 1 1 4 0 0 1 4 2 1 0 3 0 0) . 10)
27
((0 1 3 1 2 1 0 2 4 2 4 1 4 1 0 4 0 0 0 3 1) . 10)
((3 0 1 1 2 2 4 0 1 1 4 0 0 1 4 2 1 0 3 0 0) . 10)
26
((0 1 3 1 2 1 0 2 4 2 4 1 4 1 0 4 0 0 0 3 1) . 12)
((3 0 1 1 2 2 4 0 1 1 4 0 0 1 4 2 1 0 3 0 0) . 8)
25
((0 1 3 1 2 1 0 2 4 2 4 1 4 1 0 4 0 0 0 3 1) . 14)
((3 0 1 1 2 2 4 0 1 1 4 0 0 1 4 2 1 0 3 0 0) . 6)
24
((0 1 3 1 2 1 0 2 4 2 4 1 4 1 0 4 0 0 0 3 1) . 14)
((3 0 1 1 2 2 4 0 1 1 4 0 0 1 4 2 1 0 3 0 0) . 6)
23
((0 1 3 1 2 1 0 2 4 2 4 1 4 1 0 4 0 0 0 3 1) . 13)
((3 0 1 1 2 2 4 0 1 1 4 0 0 1 4 2 1 0 3 0 0) . 7)
22
((0 1 3 1 2 1 0 2 4 2 4 1 4 1 0 4 0 0 0 3 1) . 13)
((3 0 1 1 2 2 4 0 1 1 4 0 0 1 4 2 1 0 3 0 0) . 7)
21
((0 1 3 1 2 1 0 2 4 2 4 1 4 1 0 4 0 0 0 3 1) . 12)
((3 0 1 1 2 2 4 0 1 1 4 0 0 1 4 2 1 0 3 0 0) . 8)
20
((0 1 3 1 2 1 0 2 4 2 4 1 4 1 0 4 0 0 0 3 1) . 13)
((3 0 1 1 2 2 4 0 1 1 4 0 0 1 4 2 1 0 3 0 0) . 7)
19
((0 1 3 1 2 1 0 2 4 2 4 1 4 1 0 4 0 0 0 3 1) . 12)
((3 0 1 1 2 2 4 0 1 1 4 0 0 1 4 2 1 0 3 0 0) . 8)
18
((0 1 3 1 2 1 0 2 4 2 4 1 4 1 0 4 0 0 0 3 1) . 11)
((3 0 1 1 2 2 4 0 1 1 4 0 0 1 4 2 1 0 3 0 0) . 9)
17
((0 1 3 1 2 1 0 2 4 2 4 1 4 1 0 4 0 0 0 3 1) . 12)
((3 0 1 1 2 2 4 0 1 1 4 0 0 1 4 2 1 0 3 0 0) . 8)
16
((0 1 3 1 2 1 0 2 4 2 4 1 4 1 0 4 0 0 0 3 1) . 12)
((3 0 1 1 2 2 4 0 1 1 4 0 0 1 4 2 1 0 3 0 0) . 8)
15
((0 1 3 1 2 1 0 2 4 2 4 1 4 1 0 4 0 0 0 3 1) . 12)
((3 0 1 1 2 2 4 0 1 1 4 0 0 1 4 2 1 0 3 0 0) . 8)
14
((0 1 3 1 2 1 0 2 4 2 4 1 4 1 0 4 0 0 0 3 1) . 11)
((3 0 1 1 2 2 4 0 1 1 4 0 0 1 4 2 1 0 3 0 0) . 9)
13
((0 1 3 1 2 1 0 2 4 2 4 1 4 1 0 4 0 0 0 3 1) . 11)
((3 0 1 1 2 2 4 0 1 1 4 0 0 1 4 2 1 0 3 0 0) . 9)
12
((0 1 3 1 2 1 0 2 4 2 4 1 4 1 0 4 0 0 0 3 1) . 11)
((3 0 1 1 2 2 4 0 1 1 4 0 0 1 4 2 1 0 3 0 0) . 9)
11
((0 1 3 1 2 1 0 2 4 2 4 1 4 1 0 4 0 0 0 3 1) . 11)
((3 0 1 1 2 2 4 0 1 1 4 0 0 1 4 2 1 0 3 0 0) . 9)
10
((0 1 3 1 2 1 0 2 4 2 4 1 4 1 0 4 0 0 0 3 1) . 13)
((3 0 1 1 2 2 4 0 1 1 4 0 0 1 4 2 1 0 3 0 0) . 7)
9
((0 1 3 1 2 1 0 2 4 2 4 1 4 1 0 4 0 0 0 3 1) . 12)
((3 0 1 1 2 2 4 0 1 1 4 0 0 1 4 2 1 0 3 0 0) . 8)
8
((0 1 3 1 2 1 0 2 4 2 4 1 4 1 0 4 0 0 0 3 1) . 12)
((3 0 1 1 2 2 4 0 1 1 4 0 0 1 4 2 1 0 3 0 0) . 8)
7
((0 1 3 1 2 1 0 2 4 2 4 1 4 1 0 4 0 0 0 3 1) . 11)
((3 0 1 1 2 2 4 0 1 1 4 0 0 1 4 2 1 0 3 0 0) . 9)
6
((0 1 3 1 2 1 0 2 4 2 4 1 4 1 0 4 0 0 0 3 1) . 11)
((3 0 1 1 2 2 4 0 1 1 4 0 0 1 4 2 1 0 3 0 0) . 9)
5
((0 1 3 1 2 1 0 2 4 2 4 1 4 1 0 4 0 0 0 3 1) . 10)
((3 0 1 1 2 2 4 0 1 1 4 0 0 1 4 2 1 0 3 0 0) . 10)
4
((0 1 3 1 2 1 0 2 4 2 4 1 4 1 0 4 0 0 0 3 1) . 11)
((3 0 1 1 2 2 4 0 1 1 4 0 0 1 4 2 1 0 3 0 0) . 9)
3
((0 1 3 1 2 1 0 2 4 2 4 1 4 1 0 4 0 0 0 3 1) . 10)
((3 0 1 1 2 2 4 0 1 1 4 0 0 1 4 2 1 0 3 0 0) . 10)
2
((0 1 3 1 2 1 0 2 4 2 4 1 4 1 0 4 0 0 0 3 1) . 11)
((3 0 1 1 2 2 4 0 1 1 4 0 0 1 4 2 1 0 3 0 0) . 9)
1
((0 1 3 1 2 1 0 2 4 2 4 1 4 1 0 4 0 0 0 3 1) . 10)
((3 0 1 1 2 2 4 0 1 1 4 0 0 1 4 2 1 0 3 0 0) . 10)
0
((3 0 1 1 2 2 4 0 1 1 4 0 0 1 4 2 1 0 3 0 0) . 11)
((0 1 3 1 2 1 0 2 4 2 4 1 4 1 0 4 0 0 0 3 1) . 9)
